Assignment #3 - 低解析度手寫數字 (0-9) 多類別分類器
========================================================

測試集樣本數      : 360
選用像素數        : 40/64（淘汰 24 個）
整體正確率 (Accuracy): 0.9750

詳細分類報告 (Classification Report):
              precision    recall  f1-score   support

           0       1.00      1.00      1.00        33
           1       0.97      1.00      0.98        28
           2       1.00      1.00      1.00        33
           3       0.97      0.97      0.97        34
           4       1.00      0.98      0.99        46
           5       0.94      0.96      0.95        47
           6       0.97      0.97      0.97        35
           7       1.00      0.97      0.99        34
           8       0.97      0.97      0.97        30
           9       0.95      0.95      0.95        40

    accuracy                           0.97       360
   macro avg       0.98      0.98      0.98       360
weighted avg       0.98      0.97      0.98       360


混淆矩陣 (Confusion Matrix):
[[33  0  0  0  0  0  0  0  0  0]
 [ 0 28  0  0  0  0  0  0  0  0]
 [ 0  0 33  0  0  0  0  0  0  0]
 [ 0  0  0 33  0  1  0  0  0  0]
 [ 0  1  0  0 45  0  0  0  0  0]
 [ 0  0  0  0  0 45  1  0  0  1]
 [ 0  0  0  0  0  1 34  0  0  0]
 [ 0  0  0  0  0  0  0 33  0  1]
 [ 0  0  0  0  0  1  0  0 29  0]
 [ 0  0  0  1  0  0  0  0  1 38]]
